app****12-28 14:58:0.0 cza is sg
app****12-28 14:58:0.100 cza is sg
app****12-28 14:58:0.101 cza is sg
app****12-28 14:58:0.102 cza is sg
app****12-28 14:58:0.103 cza is sg
app****12-28 14:58:0.104 cza is sg
app****12-28 14:58:0.105 cza is sg
app****12-28 14:58:0.106 cza is sg
app****12-28 14:58:0.107 cza is sg
app****12-28 14:58:0.108 cza is sg
app****12-28 14:58:0.109 cza is sg
app****12-28 14:58:0.110 cza is sg
app****12-28 14:58:0.111 cza is sg
app****12-28 14:58:0.112 cza is sg
app****12-28 14:58:0.113 cza is sg
app****12-28 14:58:0.114 cza is sg
app****12-28 14:58:0.115 cza is sg
app****12-28 14:58:0.116 cza is sg
app****12-28 14:58:0.117 cza is sg
app****12-28 14:58:0.118 cza is sg
app****12-28 14:58:0.119 cza is sg
app****12-28 14:58:0.120 cza is sg
app****12-28 14:58:0.121 cza is sg
app****12-28 14:58:0.122 cza is sg
app****12-28 14:58:0.123 cza is sg
app****12-28 14:58:0.124 cza is sg
app****12-28 14:58:0.125 cza is sg
app****12-28 14:58:0.126 cza is sg
app****12-28 14:58:0.127 cza is sg
app****12-28 14:58:0.128 cza is sg
app****12-28 14:58:0.129 cza is sg
app****12-28 14:58:0.130 cza is sg
app****12-28 14:58:0.131 cza is sg
app****12-28 14:58:0.132 cza is sg
app****12-28 14:58:0.133 cza is sg
app****12-28 14:58:0.134 cza is sg
app****12-28 14:58:0.135 cza is sg
app****12-28 14:58:0.136 cza is sg
app****12-28 14:58:0.137 cza is sg
app****12-28 14:58:0.138 cza is sg
app****12-28 14:58:0.139 cza is sg
app****12-28 14:58:0.140 cza is sg
app****12-28 14:58:0.141 cza is sg
app****12-28 14:58:0.142 cza is sg
app****12-28 14:58:0.143 cza is sg
app****12-28 14:58:0.144 cza is sg
app****12-28 14:58:0.145 cza is sg
app****12-28 14:58:0.146 cza is sg
app****12-28 14:58:0.147 cza is sg
app****12-28 14:58:0.148 cza is sg
app****12-28 14:58:0.149 cza is sg
app****12-28 14:58:0.150 cza is sg
app****12-28 14:58:0.151 cza is sg
app****12-28 14:58:0.152 cza is sg
app****12-28 14:58:0.153 cza is sg
app****12-28 14:58:0.154 cza is sg
app****12-28 14:58:0.155 cza is sg
app****12-28 14:58:0.156 cza is sg
app****12-28 14:58:0.157 cza is sg
app****12-28 14:58:0.158 cza is sg
app****12-28 14:58:0.159 cza is sg
app****12-28 14:58:0.160 cza is sg
app****12-28 14:58:0.161 cza is sg
app****12-28 14:58:0.162 cza is sg
app****12-28 14:58:0.163 cza is sg
app****12-28 14:58:0.164 cza is sg
app****12-28 14:58:0.165 cza is sg
app****12-28 14:58:0.166 cza is sg
app****12-28 14:58:0.167 cza is sg
app****12-28 14:58:0.168 cza is sg
app****12-28 14:58:0.169 cza is sg
app****12-28 14:58:0.170 cza is sg
app****12-28 14:58:0.171 cza is sg
app****12-28 14:58:0.172 cza is sg
app****12-28 14:58:0.173 cza is sg
app****12-28 14:58:0.174 cza is sg
app****12-28 14:58:0.175 cza is sg
app****12-28 14:58:0.176 cza is sg
app****12-28 14:58:0.177 cza is sg
app****12-28 14:58:0.178 cza is sg
app****12-28 14:58:0.179 cza is sg
app****12-28 14:58:0.180 cza is sg
app****12-28 14:58:0.181 cza is sg
app****12-28 14:58:0.182 cza is sg
app****12-28 14:58:0.183 cza is sg
app****12-28 14:58:0.184 cza is sg
app****12-28 14:58:0.185 cza is sg
app****12-28 14:58:0.186 cza is sg
app****12-28 14:58:0.187 cza is sg
app****12-28 14:58:0.188 cza is sg
app****12-28 14:58:0.189 cza is sg
app****12-28 14:58:0.190 cza is sg
app****12-28 14:58:0.191 cza is sg
app****12-28 14:58:0.192 cza is sg
app****12-28 14:58:0.193 cza is sg
app****12-28 14:58:0.194 cza is sg
app****12-28 14:58:0.195 cza is sg
app****12-28 14:58:0.196 cza is sg
app****12-28 14:58:0.197 cza is sg
app****12-28 14:58:0.198 cza is sg
app****12-28 14:58:0.199 cza is sg
app****12-28 14:58:0.200 cza is sg
app****12-28 14:58:0.201 cza is sg
app****12-28 14:58:0.202 cza is sg
app****12-28 14:58:0.203 cza is sg
app****12-28 14:58:0.204 cza is sg
app****12-28 14:58:0.205 cza is sg
app****12-28 14:58:0.206 cza is sg
app****12-28 14:58:0.207 cza is sg
app****12-28 14:58:0.208 cza is sg
app****12-28 14:58:0.209 cza is sg
app****12-28 14:58:0.210 cza is sg
app****12-28 14:58:0.211 cza is sg
app****12-28 14:58:0.212 cza is sg
app****12-28 14:58:0.213 cza is sg
app****12-28 14:58:0.214 cza is sg
app****12-28 14:58:0.215 cza is sg
app****12-28 14:58:0.216 cza is sg
app****12-28 14:58:0.217 cza is sg
app****12-28 14:58:0.218 cza is sg
app****12-28 14:58:0.219 cza is sg
app****12-28 14:58:0.220 cza is sg
app****12-28 14:58:0.221 cza is sg
app****12-28 14:58:0.222 cza is sg
app****12-28 14:58:0.223 cza is sg
app****12-28 14:58:0.224 cza is sg
app****12-28 14:58:0.225 cza is sg
app****12-28 14:58:0.226 cza is sg
app****12-28 14:58:0.227 cza is sg
app****12-28 14:58:0.228 cza is sg
app****12-28 14:58:0.229 cza is sg
app****12-28 14:58:0.230 cza is sg
app****12-28 14:58:0.231 cza is sg
app****12-28 14:58:0.232 cza is sg
app****12-28 14:58:0.233 cza is sg
app****12-28 14:58:0.234 cza is sg
app****12-28 14:58:0.235 cza is sg
app****12-28 14:58:0.236 cza is sg
app****12-28 14:58:0.237 cza is sg
app****12-28 14:58:0.238 cza is sg
app****12-28 14:58:0.239 cza is sg
app****12-28 14:58:0.240 cza is sg
app****12-28 14:58:0.241 cza is sg
app****12-28 14:58:0.242 cza is sg
app****12-28 14:58:0.243 cza is sg
app****12-28 14:58:0.244 cza is sg
app****12-28 14:58:0.245 cza is sg
app****12-28 14:58:0.246 cza is sg
app****12-28 14:58:0.247 cza is sg
app****12-28 14:58:0.248 cza is sg
app****12-28 14:58:0.249 cza is sg
app****12-28 14:58:0.250 cza is sg
app****12-28 14:58:0.251 cza is sg
app****12-28 14:58:0.252 cza is sg
app****12-28 14:58:0.253 cza is sg
app****12-28 14:58:0.254 cza is sg
app****12-28 14:58:0.255 cza is sg
app****12-28 14:58:0.256 cza is sg
app****12-28 14:58:0.257 cza is sg
app****12-28 14:58:0.258 cza is sg
app****12-28 14:58:0.259 cza is sg
app****12-28 14:58:0.260 cza is sg
app****12-28 14:58:0.261 cza is sg
app****12-28 14:58:0.262 cza is sg
app****12-28 14:58:0.263 cza is sg
app****12-28 14:58:0.264 cza is sg
app****12-28 14:58:0.265 cza is sg
app****12-28 14:58:0.266 cza is sg
app****12-28 14:58:0.267 cza is sg
app****12-28 14:58:0.268 cza is sg
app****12-28 14:58:0.269 cza is sg
app****12-28 14:58:0.270 cza is sg
app****12-28 14:58:0.271 cza is sg
app****12-28 14:58:0.272 cza is sg
app****12-28 14:58:0.273 cza is sg
app****12-28 14:58:0.274 cza is sg
app****12-28 14:58:0.275 cza is sg
app****12-28 14:58:0.276 cza is sg
app****12-28 14:58:0.277 cza is sg
app****12-28 14:58:0.278 cza is sg
app****12-28 14:58:0.279 cza is sg
app****12-28 14:58:0.280 cza is sg
app****12-28 14:58:0.281 cza is sg
app****12-28 14:58:0.282 cza is sg
app****12-28 14:58:0.283 cza is sg
app****12-28 14:58:0.284 cza is sg
app****12-28 14:58:0.285 cza is sg
app****12-28 14:58:0.286 cza is sg
app****12-28 14:58:0.287 cza is sg
app****12-28 14:58:0.288 cza is sg
app****12-28 14:58:0.289 cza is sg
app****12-28 14:58:0.290 cza is sg
app****12-28 14:58:0.291 cza is sg
app****12-28 14:58:0.292 cza is sg
app****12-28 14:58:0.293 cza is sg
app****12-28 14:58:0.294 cza is sg
app****12-28 14:58:0.295 cza is sg
app****12-28 14:58:0.296 cza is sg
app****12-28 14:58:0.297 cza is sg
app****12-28 14:58:0.298 cza is sg
app****12-28 14:58:0.299 cza is sg
app****12-28 14:58:0.300 cza is sg
app****12-28 14:58:0.301 cza is sg
app****12-28 14:58:0.302 cza is sg
app****12-28 14:58:0.303 cza is sg
app****12-28 14:58:0.304 cza is sg
app****12-28 14:58:0.305 cza is sg
app****12-28 14:58:0.306 cza is sg
app****12-28 14:58:0.307 cza is sg
app****12-28 14:58:0.308 cza is sg
app****12-28 14:58:0.309 cza is sg
app****12-28 14:58:0.310 cza is sg
app****12-28 14:58:0.311 cza is sg
app****12-28 14:58:0.312 cza is sg
app****12-28 14:58:0.313 cza is sg
app****12-28 14:58:0.314 cza is sg
app****12-28 14:58:0.315 cza is sg
app****12-28 14:58:0.316 cza is sg
app****12-28 14:58:0.317 cza is sg
app****12-28 14:58:0.318 cza is sg
app****12-28 14:58:0.319 cza is sg
app****12-28 14:58:0.320 cza is sg
app****12-28 14:58:0.321 cza is sg
app****12-28 14:58:0.322 cza is sg
app****12-28 14:58:0.323 cza is sg
app****12-28 14:58:0.324 cza is sg
app****12-28 14:58:0.325 cza is sg
app****12-28 14:58:0.326 cza is sg
app****12-28 14:58:0.327 cza is sg
app****12-28 14:58:0.328 cza is sg
app****12-28 14:58:0.329 cza is sg
app****12-28 14:58:0.330 cza is sg
app****12-28 14:58:0.331 cza is sg
app****12-28 14:58:0.332 cza is sg
app****12-28 14:58:0.333 cza is sg
app****12-28 14:58:0.334 cza is sg
app****12-28 14:58:0.335 cza is sg
app****12-28 14:58:0.336 cza is sg
app****12-28 14:58:0.337 cza is sg
app****12-28 14:58:0.338 cza is sg
app****12-28 14:58:0.339 cza is sg
app****12-28 14:58:0.340 cza is sg
app****12-28 14:58:0.341 cza is sg
app****12-28 14:58:0.342 cza is sg
app****12-28 14:58:0.343 cza is sg
app****12-28 14:58:0.344 cza is sg
app****12-28 14:58:0.345 cza is sg
app****12-28 14:58:0.346 cza is sg
app****12-28 14:58:0.347 cza is sg
app****12-28 14:58:0.348 cza is sg
app****12-28 14:58:0.349 cza is sg
app****12-28 14:58:0.350 cza is sg
app****12-28 14:58:0.351 cza is sg
app****12-28 14:58:0.352 cza is sg
app****12-28 14:58:0.353 cza is sg
app****12-28 14:58:0.354 cza is sg
app****12-28 14:58:0.355 cza is sg
app****12-28 14:58:0.356 cza is sg
app****12-28 14:58:0.357 cza is sg
app****12-28 14:58:0.358 cza is sg
app****12-28 14:58:0.359 cza is sg
app****12-28 14:58:0.360 cza is sg
app****12-28 14:58:0.361 cza is sg
app****12-28 14:58:0.362 cza is sg
app****12-28 14:58:0.363 cza is sg
app****12-28 14:58:0.364 cza is sg
app****12-28 14:58:0.365 cza is sg
app****12-28 14:58:0.366 cza is sg
app****12-28 14:58:0.367 cza is sg
app****12-28 14:58:0.368 cza is sg
app****12-28 14:58:0.369 cza is sg
app****12-28 14:58:0.370 cza is sg
app****12-28 14:58:0.371 cza is sg
app****12-28 14:58:0.372 cza is sg
app****12-28 14:58:0.373 cza is sg
app****12-28 14:58:0.374 cza is sg
app****12-28 14:58:0.375 cza is sg
app****12-28 14:58:0.376 cza is sg
app****12-28 14:58:0.377 cza is sg
app****12-28 14:58:0.378 cza is sg
app****12-28 14:58:0.379 cza is sg
app****12-28 14:58:0.380 cza is sg
app****12-28 14:58:0.381 cza is sg
app****12-28 14:58:0.382 cza is sg
app****12-28 14:58:0.383 cza is sg
app****12-28 14:58:0.384 cza is sg
app****12-28 14:58:0.385 cza is sg
app****12-28 14:58:0.386 cza is sg
app****12-28 14:58:0.387 cza is sg
app****12-28 14:58:0.388 cza is sg
app****12-28 14:58:0.389 cza is sg
app****12-28 14:58:0.390 cza is sg
app****12-28 14:58:0.391 cza is sg
app****12-28 14:58:0.392 cza is sg
app****12-28 14:58:0.393 cza is sg
app****12-28 14:58:0.394 cza is sg
app****12-28 14:58:0.395 cza is sg
app****12-28 14:58:0.396 cza is sg
app****12-28 14:58:0.397 cza is sg
app****12-28 14:58:0.398 cza is sg
app****12-28 14:58:0.399 cza is sg
app****12-28 14:58:0.400 cza is sg
app****12-28 14:58:0.401 cza is sg
app****12-28 14:58:0.402 cza is sg
app****12-28 14:58:0.403 cza is sg
app****12-28 14:58:0.404 cza is sg
app****12-28 14:58:0.405 cza is sg
app****12-28 14:58:0.406 cza is sg
app****12-28 14:58:0.407 cza is sg
app****12-28 14:58:0.408 cza is sg
app****12-28 14:58:0.409 cza is sg
app****12-28 14:58:0.410 cza is sg
app****12-28 14:58:0.411 cza is sg
app****12-28 14:58:0.412 cza is sg
app****12-28 14:58:0.413 cza is sg
app****12-28 14:58:0.414 cza is sg
app****12-28 14:58:0.415 cza is sg
app****12-28 14:58:0.416 cza is sg
app****12-28 14:58:0.417 cza is sg
app****12-28 14:58:0.418 cza is sg
app****12-28 14:58:0.419 cza is sg
app****12-28 14:58:0.420 cza is sg
app****12-28 14:58:0.421 cza is sg
app****12-28 14:58:0.422 cza is sg
app****12-28 14:58:0.423 cza is sg
app****12-28 14:58:0.424 cza is sg
app****12-28 14:58:0.425 cza is sg
app****12-28 14:58:0.426 cza is sg
app****12-28 14:58:0.427 cza is sg
app****12-28 14:58:0.428 cza is sg
app****12-28 14:58:0.429 cza is sg
app****12-28 14:58:0.430 cza is sg
app****12-28 14:58:0.431 cza is sg
app****12-28 14:58:0.432 cza is sg
app****12-28 14:58:0.433 cza is sg
app****12-28 14:58:0.434 cza is sg
app****12-28 14:58:0.435 cza is sg
app****12-28 14:58:0.436 cza is sg
app****12-28 14:58:0.437 cza is sg
app****12-28 14:58:0.438 cza is sg
app****12-28 14:58:0.439 cza is sg
app****12-28 14:58:0.440 cza is sg
app****12-28 14:58:0.441 cza is sg
app****12-28 14:58:0.442 cza is sg
app****12-28 14:58:0.443 cza is sg
app****12-28 14:58:0.444 cza is sg
app****12-28 14:58:0.445 cza is sg
app****12-28 14:58:0.446 cza is sg
app****12-28 14:58:0.447 cza is sg
app****12-28 14:58:0.448 cza is sg
app****12-28 14:58:0.449 cza is sg
app****12-28 14:58:0.450 cza is sg
app****12-28 14:58:0.451 cza is sg
app****12-28 14:58:0.452 cza is sg
app****12-28 14:58:0.453 cza is sg
app****12-28 14:58:0.454 cza is sg
app****12-28 14:58:0.455 cza is sg
app****12-28 14:58:0.456 cza is sg
app****12-28 14:58:0.457 cza is sg
app****12-28 14:58:0.458 cza is sg
app****12-28 14:58:0.459 cza is sg
app****12-28 14:58:0.460 cza is sg
app****12-28 14:58:0.461 cza is sg
app****12-28 14:58:0.462 cza is sg
app****12-28 14:58:0.463 cza is sg
app****12-28 14:58:0.464 cza is sg
app****12-28 14:58:0.465 cza is sg
app****12-28 14:58:0.466 cza is sg
app****12-28 14:58:0.467 cza is sg
app****12-28 14:58:0.468 cza is sg
app****12-28 14:58:0.469 cza is sg
app****12-28 14:58:0.470 cza is sg
app****12-28 14:58:0.471 cza is sg
app****12-28 14:58:0.472 cza is sg
app****12-28 14:58:0.473 cza is sg
app****12-28 14:58:0.474 cza is sg
app****12-28 14:58:0.475 cza is sg
app****12-28 14:58:0.476 cza is sg
app****12-28 14:58:0.477 cza is sg
app****12-28 14:58:0.478 cza is sg
app****12-28 14:58:0.479 cza is sg
app****12-28 14:58:0.480 cza is sg
app****12-28 14:58:0.481 cza is sg
app****12-28 14:58:0.482 cza is sg
app****12-28 14:58:0.483 cza is sg
app****12-28 14:58:0.484 cza is sg
app****12-28 14:58:0.485 cza is sg
app****12-28 14:58:0.486 cza is sg
app****12-28 14:58:0.487 cza is sg
app****12-28 14:58:0.488 cza is sg
app****12-28 14:58:0.489 cza is sg
app****12-28 14:58:0.490 cza is sg
app****12-28 14:58:0.491 cza is sg
app****12-28 14:58:0.492 cza is sg
app****12-28 14:58:0.493 cza is sg
app****12-28 14:58:0.494 cza is sg
app****12-28 14:58:0.495 cza is sg
app****12-28 14:58:0.496 cza is sg
app****12-28 14:58:0.497 cza is sg
app****12-28 14:58:0.498 cza is sg
app****12-28 14:58:0.499 cza is sg
app****12-28 14:58:0.500 cza is sg
app****12-28 14:58:0.501 cza is sg
app****12-28 14:58:0.502 cza is sg
app****12-28 14:58:0.503 cza is sg
app****12-28 14:58:0.504 cza is sg
app****12-28 14:58:0.505 cza is sg
app****12-28 14:58:0.506 cza is sg
app****12-28 14:58:0.507 cza is sg
app****12-28 14:58:0.508 cza is sg
app****12-28 14:58:0.509 cza is sg
app****12-28 14:58:0.510 cza is sg
app****12-28 14:58:0.511 cza is sg
app****12-28 14:58:0.512 cza is sg
app****12-28 14:58:0.513 cza is sg
app****12-28 14:58:0.514 cza is sg
app****12-28 14:58:0.515 cza is sg
app****12-28 14:58:0.516 cza is sg
app****12-28 14:58:0.517 cza is sg
app****12-28 14:58:0.518 cza is sg
app****12-28 14:58:0.519 cza is sg
app****12-28 14:58:0.520 cza is sg
app****12-28 14:58:0.521 cza is sg
app****12-28 14:58:0.522 cza is sg
app****12-28 14:58:0.523 cza is sg
app****12-28 14:58:0.524 cza is sg
app****12-28 14:58:0.525 cza is sg
app****12-28 14:58:0.526 cza is sg
app****12-28 14:58:0.527 cza is sg
app****12-28 14:58:0.528 cza is sg
app****12-28 14:58:0.529 cza is sg
app****12-28 14:58:0.530 cza is sg
app****12-28 14:58:0.531 cza is sg
app****12-28 14:58:0.532 cza is sg
app****12-28 14:58:0.533 cza is sg
app****12-28 14:58:0.534 cza is sg
app****12-28 14:58:0.535 cza is sg
app****12-28 14:58:0.536 cza is sg
app****12-28 14:58:0.537 cza is sg
app****12-28 14:58:0.538 cza is sg
app****12-28 14:58:0.539 cza is sg
app****12-28 14:58:0.540 cza is sg
app****12-28 14:58:0.541 cza is sg
app****12-28 14:58:0.542 cza is sg
app****12-28 14:58:0.543 cza is sg
app****12-28 14:58:0.544 cza is sg
app****12-28 14:58:0.545 cza is sg
app****12-28 14:58:0.546 cza is sg
app****12-28 14:58:0.547 cza is sg
app****12-28 14:58:0.548 cza is sg
app****12-28 14:58:0.549 cza is sg
app****12-28 14:58:0.550 cza is sg
app****12-28 14:58:0.551 cza is sg
app****12-28 14:58:0.552 cza is sg
app****12-28 14:58:0.553 cza is sg
app****12-28 14:58:0.554 cza is sg
app****12-28 14:58:0.555 cza is sg
app****12-28 14:58:0.556 cza is sg
app****12-28 14:58:0.557 cza is sg
app****12-28 14:58:0.558 cza is sg
app****12-28 14:58:0.559 cza is sg
app****12-28 14:58:0.560 cza is sg
app****12-28 14:58:0.561 cza is sg
app****12-28 14:58:0.562 cza is sg
app****12-28 14:58:0.563 cza is sg
app****12-28 14:58:0.564 cza is sg
app****12-28 14:58:0.565 cza is sg
app****12-28 14:58:0.566 cza is sg
app****12-28 14:58:0.567 cza is sg
app****12-28 14:58:0.568 cza is sg
app****12-28 14:58:0.569 cza is sg
app****12-28 14:58:0.570 cza is sg
app****12-28 14:58:0.571 cza is sg
app****12-28 14:58:0.572 cza is sg
app****12-28 14:58:0.573 cza is sg
app****12-28 14:58:0.574 cza is sg
app****12-28 14:58:0.575 cza is sg
app****12-28 14:58:0.576 cza is sg
app****12-28 14:58:0.577 cza is sg
app****12-28 14:58:0.578 cza is sg
app****12-28 14:58:0.579 cza is sg
app****12-28 14:58:0.580 cza is sg
app****12-28 14:58:0.581 cza is sg
app****12-28 14:58:0.582 cza is sg
app****12-28 14:58:0.583 cza is sg
app****12-28 14:58:0.584 cza is sg
app****12-28 14:58:0.585 cza is sg
app****12-28 14:58:0.586 cza is sg
app****12-28 14:58:0.587 cza is sg
app****12-28 14:58:0.588 cza is sg
app****12-28 14:58:0.589 cza is sg
app****12-28 14:58:0.590 cza is sg
app****12-28 14:58:0.591 cza is sg
app****12-28 14:58:0.592 cza is sg
app****12-28 14:58:0.593 cza is sg
app****12-28 14:58:0.594 cza is sg
app****12-28 14:58:0.595 cza is sg
app****12-28 14:58:0.596 cza is sg
app****12-28 14:58:0.597 cza is sg
app****12-28 14:58:0.598 cza is sg
app****12-28 14:58:0.599 cza is sg
app****12-28 14:58:0.600 cza is sg
app****12-28 14:58:0.601 cza is sg
app****12-28 14:58:0.602 cza is sg
app****12-28 14:58:0.603 cza is sg
app****12-28 14:58:0.604 cza is sg
app****12-28 14:58:0.605 cza is sg
app****12-28 14:58:0.606 cza is sg
app****12-28 14:58:0.607 cza is sg
app****12-28 14:58:0.608 cza is sg
app****12-28 14:58:0.609 cza is sg
app****12-28 14:58:0.610 cza is sg
app****12-28 14:58:0.611 cza is sg
app****12-28 14:58:0.612 cza is sg
app****12-28 14:58:0.613 cza is sg
app****12-28 14:58:0.614 cza is sg
app****12-28 14:58:0.615 cza is sg
app****12-28 14:58:0.616 cza is sg
app****12-28 14:58:0.617 cza is sg
app****12-28 14:58:0.618 cza is sg
app****12-28 14:58:0.619 cza is sg
app****12-28 14:58:0.620 cza is sg
app****12-28 14:58:0.621 cza is sg
app****12-28 14:58:0.622 cza is sg
app****12-28 14:58:0.623 cza is sg
app****12-28 14:58:0.624 cza is sg
app****12-28 14:58:0.625 cza is sg
app****12-28 14:58:0.626 cza is sg
app****12-28 14:58:0.627 cza is sg
app****12-28 14:58:0.628 cza is sg
app****12-28 14:58:0.629 cza is sg
app****12-28 14:58:0.630 cza is sg
app****12-28 14:58:0.631 cza is sg
app****12-28 14:58:0.632 cza is sg
app****12-28 14:58:0.633 cza is sg
app****12-28 14:58:0.634 cza is sg
app****12-28 14:58:0.635 cza is sg
app****12-28 14:58:0.636 cza is sg
app****12-28 14:58:0.637 cza is sg
app****12-28 14:58:0.638 cza is sg
app****12-28 14:58:0.639 cza is sg
app****12-28 14:58:0.640 cza is sg
app****12-28 14:58:0.641 cza is sg
app****12-28 14:58:0.642 cza is sg
app****12-28 14:58:0.643 cza is sg
app****12-28 14:58:0.644 cza is sg
app****12-28 14:58:0.645 cza is sg
app****12-28 14:58:0.646 cza is sg
app****12-28 14:58:0.647 cza is sg
app****12-28 14:58:0.648 cza is sg
app****12-28 14:58:0.649 cza is sg
app****12-28 14:58:0.650 cza is sg
app****12-28 14:58:0.651 cza is sg
app****12-28 14:58:0.652 cza is sg
app****12-28 14:58:0.653 cza is sg
app****12-28 14:58:0.654 cza is sg
app****12-28 14:58:0.655 cza is sg
app****12-28 14:58:0.656 cza is sg
app****12-28 14:58:0.657 cza is sg
app****12-28 14:58:0.658 cza is sg
app****12-28 14:58:0.659 cza is sg
app****12-28 14:58:0.660 cza is sg
app****12-28 14:58:0.661 cza is sg
app****12-28 14:58:0.662 cza is sg
app****12-28 14:58:0.663 cza is sg
app****12-28 14:58:0.664 cza is sg
app****12-28 14:58:0.665 cza is sg
app****12-28 14:58:0.666 cza is sg
app****12-28 14:58:0.667 cza is sg
app****12-28 14:58:0.668 cza is sg
app****12-28 14:58:0.669 cza is sg
app****12-28 14:58:0.670 cza is sg
app****12-28 14:58:0.671 cza is sg
app****12-28 14:58:0.672 cza is sg
app****12-28 14:58:0.673 cza is sg
app****12-28 14:58:0.674 cza is sg
app****12-28 14:58:0.675 cza is sg
app****12-28 14:58:0.676 cza is sg
app****12-28 14:58:0.677 cza is sg
app****12-28 14:58:0.678 cza is sg
app****12-28 14:58:0.679 cza is sg
app****12-28 14:58:0.680 cza is sg
app****12-28 14:58:0.681 cza is sg
app****12-28 14:58:0.682 cza is sg
app****12-28 14:58:0.683 cza is sg
app****12-28 14:58:0.684 cza is sg
app****12-28 14:58:0.685 cza is sg
app****12-28 14:58:0.686 cza is sg
app****12-28 14:58:0.687 cza is sg
app****12-28 14:58:0.688 cza is sg
app****12-28 14:58:0.689 cza is sg
app****12-28 14:58:0.690 cza is sg
app****12-28 14:58:0.691 cza is sg
app****12-28 14:58:0.692 cza is sg
app****12-28 14:58:0.693 cza is sg
app****12-28 14:58:0.694 cza is sg
app****12-28 14:58:0.695 cza is sg
app****12-28 14:58:0.696 cza is sg
app****12-28 14:58:0.697 cza is sg
app****12-28 14:58:0.698 cza is sg
app****12-28 14:58:0.699 cza is sg
app****12-28 14:58:0.700 cza is sg
app****12-28 14:58:0.701 cza is sg
app****12-28 14:58:0.702 cza is sg
app****12-28 14:58:0.703 cza is sg
app****12-28 14:58:0.704 cza is sg
app****12-28 14:58:0.705 cza is sg
app****12-28 14:58:0.706 cza is sg
app****12-28 14:58:0.707 cza is sg
app****12-28 14:58:0.708 cza is sg
app****12-28 14:58:0.709 cza is sg
app****12-28 14:58:0.710 cza is sg
app****12-28 14:58:0.711 cza is sg
app****12-28 14:58:0.712 cza is sg
app****12-28 14:58:0.713 cza is sg
app****12-28 14:58:0.714 cza is sg
app****12-28 14:58:0.715 cza is sg
app****12-28 14:58:0.716 cza is sg
app****12-28 14:58:0.717 cza is sg
app****12-28 14:58:0.718 cza is sg
app****12-28 14:58:0.719 cza is sg
app****12-28 14:58:0.720 cza is sg
app****12-28 14:58:0.721 cza is sg
app****12-28 14:58:0.722 cza is sg
app****12-28 14:58:0.723 cza is sg
app****12-28 14:58:0.724 cza is sg
app****12-28 14:58:0.725 cza is sg
app****12-28 14:58:0.726 cza is sg
app****12-28 14:58:0.727 cza is sg
app****12-28 14:58:0.728 cza is sg
app****12-28 14:58:0.729 cza is sg
app****12-28 14:58:0.730 cza is sg
app****12-28 14:58:0.731 cza is sg
app****12-28 14:58:0.732 cza is sg
app****12-28 14:58:0.733 cza is sg
app****12-28 14:58:0.734 cza is sg
app****12-28 14:58:0.735 cza is sg
app****12-28 14:58:0.736 cza is sg
app****12-28 14:58:0.737 cza is sg
app****12-28 14:58:0.738 cza is sg
app****12-28 14:58:0.739 cza is sg
app****12-28 14:58:0.740 cza is sg
app****12-28 14:58:0.741 cza is sg
app****12-28 14:58:0.742 cza is sg
app****12-28 14:58:0.743 cza is sg
app****12-28 14:58:0.744 cza is sg
app****12-28 14:58:0.745 cza is sg
app****12-28 14:58:0.746 cza is sg
app****12-28 14:58:0.747 cza is sg
app****12-28 14:58:0.748 cza is sg
app****12-28 14:58:0.749 cza is sg
app****12-28 14:58:0.750 cza is sg
app****12-28 14:58:0.751 cza is sg
app****12-28 14:58:0.752 cza is sg
app****12-28 14:58:0.753 cza is sg
app****12-28 14:58:0.754 cza is sg
app****12-28 14:58:0.755 cza is sg
app****12-28 14:58:0.756 cza is sg
app****12-28 14:58:0.757 cza is sg
app****12-28 14:58:0.758 cza is sg
app****12-28 14:58:0.759 cza is sg
app****12-28 14:58:0.760 cza is sg
app****12-28 14:58:0.761 cza is sg
app****12-28 14:58:0.762 cza is sg
app****12-28 14:58:0.763 cza is sg
app****12-28 14:58:0.764 cza is sg
app****12-28 14:58:0.765 cza is sg
app****12-28 14:58:0.766 cza is sg
app****12-28 14:58:0.767 cza is sg
app****12-28 14:58:0.768 cza is sg
app****12-28 14:58:0.769 cza is sg
app****12-28 14:58:0.770 cza is sg
app****12-28 14:58:0.771 cza is sg
app****12-28 14:58:0.772 cza is sg
app****12-28 14:58:0.773 cza is sg
app****12-28 14:58:0.774 cza is sg
app****12-28 14:58:0.775 cza is sg
app****12-28 14:58:0.776 cza is sg
app****12-28 14:58:0.777 cza is sg
app****12-28 14:58:0.778 cza is sg
app****12-28 14:58:0.779 cza is sg
app****12-28 14:58:0.780 cza is sg
app****12-28 14:58:0.781 cza is sg
app****12-28 14:58:0.782 cza is sg
app****12-28 14:58:0.783 cza is sg
app****12-28 14:58:0.784 cza is sg
app****12-28 14:58:0.785 cza is sg
app****12-28 14:58:0.786 cza is sg
app****12-28 14:58:0.787 cza is sg
app****12-28 14:58:0.788 cza is sg
app****12-28 14:58:0.789 cza is sg
app****12-28 14:58:0.790 cza is sg
app****12-28 14:58:0.791 cza is sg
app****12-28 14:58:0.792 cza is sg
app****12-28 14:58:0.793 cza is sg
app****12-28 14:58:0.794 cza is sg
app****12-28 14:58:0.795 cza is sg
app****12-28 14:58:0.796 cza is sg
app****12-28 14:58:0.797 cza is sg
app****12-28 14:58:0.798 cza is sg
app****12-28 14:58:0.799 cza is sg
app****12-28 14:58:0.800 cza is sg
app****12-28 14:58:0.801 cza is sg
app****12-28 14:58:0.802 cza is sg
app****12-28 14:58:0.803 cza is sg
app****12-28 14:58:0.804 cza is sg
app****12-28 14:58:0.805 cza is sg
app****12-28 14:58:0.806 cza is sg
app****12-28 14:58:0.807 cza is sg
app****12-28 14:58:0.808 cza is sg
app****12-28 14:58:0.809 cza is sg
app****12-28 14:58:0.810 cza is sg
app****12-28 14:58:0.811 cza is sg
app****12-28 14:58:0.812 cza is sg
app****12-28 14:58:0.813 cza is sg
app****12-28 14:58:0.814 cza is sg
app****12-28 14:58:0.815 cza is sg
app****12-28 14:58:0.816 cza is sg
app****12-28 14:58:0.817 cza is sg
app****12-28 14:58:0.818 cza is sg
app****12-28 14:58:0.819 cza is sg
app****12-28 14:58:0.820 cza is sg
app****12-28 14:58:0.821 cza is sg
app****12-28 14:58:0.822 cza is sg
app****12-28 14:58:0.823 cza is sg
app****12-28 14:58:0.824 cza is sg
app****12-28 14:58:0.825 cza is sg
app****12-28 14:58:0.826 cza is sg
app****12-28 14:58:0.827 cza is sg
app****12-28 14:58:0.828 cza is sg
app****12-28 14:58:0.829 cza is sg
app****12-28 14:58:0.830 cza is sg
app****12-28 14:58:0.831 cza is sg
app****12-28 14:58:0.832 cza is sg
app****12-28 14:58:0.833 cza is sg
app****12-28 14:58:0.834 cza is sg
app****12-28 14:58:0.835 cza is sg
app****12-28 14:58:0.836 cza is sg
app****12-28 14:58:0.837 cza is sg
app****12-28 14:58:0.838 cza is sg
app****12-28 14:58:0.839 cza is sg
app****12-28 14:58:0.840 cza is sg
app****12-28 14:58:0.841 cza is sg
app****12-28 14:58:0.842 cza is sg
app****12-28 14:58:0.843 cza is sg
app****12-28 14:58:0.844 cza is sg
app****12-28 14:58:0.845 cza is sg
app****12-28 14:58:0.846 cza is sg
app****12-28 14:58:0.847 cza is sg
app****12-28 14:58:0.848 cza is sg
app****12-28 14:58:0.849 cza is sg
app****12-28 14:58:0.850 cza is sg
app****12-28 14:58:0.851 cza is sg
app****12-28 14:58:0.852 cza is sg
app****12-28 14:58:0.853 cza is sg
app****12-28 14:58:0.854 cza is sg
app****12-28 14:58:0.855 cza is sg
app****12-28 14:58:0.856 cza is sg
app****12-28 14:58:0.857 cza is sg
app****12-28 14:58:0.858 cza is sg
app****12-28 14:58:0.859 cza is sg
app****12-28 14:58:0.860 cza is sg
app****12-28 14:58:0.861 cza is sg
app****12-28 14:58:0.862 cza is sg
app****12-28 14:58:0.863 cza is sg
app****12-28 14:58:0.864 cza is sg
app****12-28 14:58:0.865 cza is sg
app****12-28 14:58:0.866 cza is sg
app****12-28 14:58:0.867 cza is sg
app****12-28 14:58:0.868 cza is sg
app****12-28 14:58:0.869 cza is sg
app****12-28 14:58:0.870 cza is sg
app****12-28 14:58:0.871 cza is sg
app****12-28 14:58:0.872 cza is sg
app****12-28 14:58:0.873 cza is sg
app****12-28 14:58:0.874 cza is sg
app****12-28 14:58:0.875 cza is sg
app****12-28 14:58:0.876 cza is sg
app****12-28 14:58:0.877 cza is sg
app****12-28 14:58:0.878 cza is sg
app****12-28 14:58:0.879 cza is sg
app****12-28 14:58:0.880 cza is sg
app****12-28 14:58:0.881 cza is sg
app****12-28 14:58:0.882 cza is sg
app****12-28 14:58:0.883 cza is sg
app****12-28 14:58:0.884 cza is sg
app****12-28 14:58:0.885 cza is sg
app****12-28 14:58:0.886 cza is sg
app****12-28 14:58:0.887 cza is sg
app****12-28 14:58:0.888 cza is sg
app****12-28 14:58:0.889 cza is sg
app****12-28 14:58:0.890 cza is sg
app****12-28 14:58:0.891 cza is sg
app****12-28 14:58:0.892 cza is sg
app****12-28 14:58:0.893 cza is sg
app****12-28 14:58:0.894 cza is sg
app****12-28 14:58:0.895 cza is sg
app****12-28 14:58:0.896 cza is sg
app****12-28 14:58:0.897 cza is sg
app****12-28 14:58:0.898 cza is sg
app****12-28 14:58:0.899 cza is sg
app****12-28 14:58:0.900 cza is sg
app****12-28 14:58:0.901 cza is sg
app****12-28 14:58:0.902 cza is sg
app****12-28 14:58:0.903 cza is sg
app****12-28 14:58:0.904 cza is sg
app****12-28 14:58:0.905 cza is sg
app****12-28 14:58:0.906 cza is sg
app****12-28 14:58:0.907 cza is sg
app****12-28 14:58:0.908 cza is sg
app****12-28 14:58:0.909 cza is sg
app****12-28 14:58:0.910 cza is sg
app****12-28 14:58:0.911 cza is sg
app****12-28 14:58:0.912 cza is sg
app****12-28 14:58:0.913 cza is sg
app****12-28 14:58:0.914 cza is sg
app****12-28 14:58:0.915 cza is sg
app****12-28 14:58:0.916 cza is sg
app****12-28 14:58:0.917 cza is sg
app****12-28 14:58:0.918 cza is sg
app****12-28 14:58:0.919 cza is sg
app****12-28 14:58:0.920 cza is sg
app****12-28 14:58:0.921 cza is sg
app****12-28 14:58:0.922 cza is sg
app****12-28 14:58:0.923 cza is sg
app****12-28 14:58:0.924 cza is sg
app****12-28 14:58:0.925 cza is sg
app****12-28 14:58:0.926 cza is sg
app****12-28 14:58:0.927 cza is sg
app****12-28 14:58:0.928 cza is sg
app****12-28 14:58:0.929 cza is sg
app****12-28 14:58:0.930 cza is sg
app****12-28 14:58:0.931 cza is sg
app****12-28 14:58:0.932 cza is sg
app****12-28 14:58:0.933 cza is sg
app****12-28 14:58:0.934 cza is sg
app****12-28 14:58:0.935 cza is sg
app****12-28 14:58:0.936 cza is sg
app****12-28 14:58:0.937 cza is sg
app****12-28 14:58:0.938 cza is sg
app****12-28 14:58:0.939 cza is sg
app****12-28 14:58:0.940 cza is sg
app****12-28 14:58:0.941 cza is sg
app****12-28 14:58:0.942 cza is sg
app****12-28 14:58:0.943 cza is sg
app****12-28 14:58:0.944 cza is sg
app****12-28 14:58:0.945 cza is sg
app****12-28 14:58:0.946 cza is sg
app****12-28 14:58:0.947 cza is sg
app****12-28 14:58:0.948 cza is sg
app****12-28 14:58:0.949 cza is sg
app****12-28 14:58:0.950 cza is sg
app****12-28 14:58:0.951 cza is sg
app****12-28 14:58:0.952 cza is sg
app****12-28 14:58:0.953 cza is sg
app****12-28 14:58:0.954 cza is sg
app****12-28 14:58:0.955 cza is sg
app****12-28 14:58:0.956 cza is sg
app****12-28 14:58:0.957 cza is sg
app****12-28 14:58:0.958 cza is sg
app****12-28 14:58:0.959 cza is sg
app****12-28 14:58:0.960 cza is sg
app****12-28 14:58:0.961 cza is sg
app****12-28 14:58:0.962 cza is sg
app****12-28 14:58:0.963 cza is sg
app****12-28 14:58:0.964 cza is sg
app****12-28 14:58:0.965 cza is sg
app****12-28 14:58:0.966 cza is sg
app****12-28 14:58:0.967 cza is sg
app****12-28 14:58:0.968 cza is sg
app****12-28 14:58:0.969 cza is sg
app****12-28 14:58:0.970 cza is sg
app****12-28 14:58:0.971 cza is sg
app****12-28 14:58:0.972 cza is sg
app****12-28 14:58:0.973 cza is sg
app****12-28 14:58:0.974 cza is sg
app****12-28 14:58:0.975 cza is sg
app****12-28 14:58:0.976 cza is sg
app****12-28 14:58:0.977 cza is sg
app****12-28 14:58:0.978 cza is sg
app****12-28 14:58:0.979 cza is sg
app****12-28 14:58:0.980 cza is sg
app****12-28 14:58:0.981 cza is sg
app****12-28 14:58:0.982 cza is sg
app****12-28 14:58:0.983 cza is sg
app****12-28 14:58:0.984 cza is sg
app****12-28 14:58:0.985 cza is sg
app****12-28 14:58:0.986 cza is sg
app****12-28 14:58:0.987 cza is sg
app****12-28 14:58:0.988 cza is sg
app****12-28 14:58:0.989 cza is sg
app****12-28 14:58:0.990 cza is sg
app****12-28 14:58:0.991 cza is sg
app****12-28 14:58:0.992 cza is sg
app****12-28 14:58:0.993 cza is sg
app****12-28 14:58:0.994 cza is sg
app****12-28 14:58:0.995 cza is sg
app****12-28 14:58:0.996 cza is sg
app****12-28 14:58:0.997 cza is sg
app****12-28 14:58:0.998 cza is sg
app****12-28 14:58:0.999 cza is sg
kmsg***12-28 14:58:1.0 cza is sg
kmsg***12-28 14:58:1.100 cza is sg
kmsg***12-28 14:58:1.101 cza is sg
kmsg***12-28 14:58:1.102 cza is sg
kmsg***12-28 14:58:1.103 cza is sg
kmsg***12-28 14:58:1.104 cza is sg
kmsg***12-28 14:58:1.105 cza is sg
kmsg***12-28 14:58:1.106 cza is sg
kmsg***12-28 14:58:1.107 cza is sg
kmsg***12-28 14:58:1.108 cza is sg
kmsg***12-28 14:58:1.109 cza is sg
kmsg***12-28 14:58:1.110 cza is sg
kmsg***12-28 14:58:1.111 cza is sg
kmsg***12-28 14:58:1.112 cza is sg
kmsg***12-28 14:58:1.113 cza is sg
kmsg***12-28 14:58:1.114 cza is sg
kmsg***12-28 14:58:1.115 cza is sg
kmsg***12-28 14:58:1.116 cza is sg
kmsg***12-28 14:58:1.117 cza is sg
kmsg***12-28 14:58:1.118 cza is sg
kmsg***12-28 14:58:1.119 cza is sg
kmsg***12-28 14:58:1.120 cza is sg
kmsg***12-28 14:58:1.121 cza is sg
kmsg***12-28 14:58:1.122 cza is sg
kmsg***12-28 14:58:1.123 cza is sg
kmsg***12-28 14:58:1.124 cza is sg
kmsg***12-28 14:58:1.125 cza is sg
kmsg***12-28 14:58:1.126 cza is sg
kmsg***12-28 14:58:1.127 cza is sg
kmsg***12-28 14:58:1.128 cza is sg
kmsg***12-28 14:58:1.129 cza is sg
kmsg***12-28 14:58:1.130 cza is sg
kmsg***12-28 14:58:1.131 cza is sg
kmsg***12-28 14:58:1.132 cza is sg
kmsg***12-28 14:58:1.133 cza is sg
kmsg***12-28 14:58:1.134 cza is sg
kmsg***12-28 14:58:1.135 cza is sg
kmsg***12-28 14:58:1.136 cza is sg
kmsg***12-28 14:58:1.137 cza is sg
kmsg***12-28 14:58:1.138 cza is sg
kmsg***12-28 14:58:1.139 cza is sg
kmsg***12-28 14:58:1.140 cza is sg
kmsg***12-28 14:58:1.141 cza is sg
kmsg***12-28 14:58:1.142 cza is sg
kmsg***12-28 14:58:1.143 cza is sg
kmsg***12-28 14:58:1.144 cza is sg
kmsg***12-28 14:58:1.145 cza is sg
kmsg***12-28 14:58:1.146 cza is sg
kmsg***12-28 14:58:1.147 cza is sg
kmsg***12-28 14:58:1.148 cza is sg
kmsg***12-28 14:58:1.149 cza is sg
kmsg***12-28 14:58:1.150 cza is sg
kmsg***12-28 14:58:1.151 cza is sg
kmsg***12-28 14:58:1.152 cza is sg
kmsg***12-28 14:58:1.153 cza is sg
kmsg***12-28 14:58:1.154 cza is sg
kmsg***12-28 14:58:1.155 cza is sg
kmsg***12-28 14:58:1.156 cza is sg
kmsg***12-28 14:58:1.157 cza is sg
kmsg***12-28 14:58:1.158 cza is sg
kmsg***12-28 14:58:1.159 cza is sg
kmsg***12-28 14:58:1.160 cza is sg
kmsg***12-28 14:58:1.161 cza is sg
kmsg***12-28 14:58:1.162 cza is sg
kmsg***12-28 14:58:1.163 cza is sg
kmsg***12-28 14:58:1.164 cza is sg
kmsg***12-28 14:58:1.165 cza is sg
kmsg***12-28 14:58:1.166 cza is sg
kmsg***12-28 14:58:1.167 cza is sg
kmsg***12-28 14:58:1.168 cza is sg
kmsg***12-28 14:58:1.169 cza is sg
kmsg***12-28 14:58:1.170 cza is sg
kmsg***12-28 14:58:1.171 cza is sg
kmsg***12-28 14:58:1.172 cza is sg
kmsg***12-28 14:58:1.173 cza is sg
kmsg***12-28 14:58:1.174 cza is sg
kmsg***12-28 14:58:1.175 cza is sg
kmsg***12-28 14:58:1.176 cza is sg
kmsg***12-28 14:58:1.177 cza is sg
kmsg***12-28 14:58:1.178 cza is sg
kmsg***12-28 14:58:1.179 cza is sg
kmsg***12-28 14:58:1.180 cza is sg
kmsg***12-28 14:58:1.181 cza is sg
kmsg***12-28 14:58:1.182 cza is sg
kmsg***12-28 14:58:1.183 cza is sg
kmsg***12-28 14:58:1.184 cza is sg
kmsg***12-28 14:58:1.185 cza is sg
kmsg***12-28 14:58:1.186 cza is sg
kmsg***12-28 14:58:1.187 cza is sg
kmsg***12-28 14:58:1.188 cza is sg
kmsg***12-28 14:58:1.189 cza is sg
kmsg***12-28 14:58:1.190 cza is sg
kmsg***12-28 14:58:1.191 cza is sg
kmsg***12-28 14:58:1.192 cza is sg
kmsg***12-28 14:58:1.193 cza is sg
kmsg***12-28 14:58:1.194 cza is sg
kmsg***12-28 14:58:1.195 cza is sg
kmsg***12-28 14:58:1.196 cza is sg
kmsg***12-28 14:58:1.197 cza is sg
kmsg***12-28 14:58:1.198 cza is sg
kmsg***12-28 14:58:1.199 cza is sg
kmsg***12-28 14:58:1.200 cza is sg
kmsg***12-28 14:58:1.201 cza is sg
kmsg***12-28 14:58:1.202 cza is sg
kmsg***12-28 14:58:1.203 cza is sg
kmsg***12-28 14:58:1.204 cza is sg
kmsg***12-28 14:58:1.205 cza is sg
kmsg***12-28 14:58:1.206 cza is sg
kmsg***12-28 14:58:1.207 cza is sg
kmsg***12-28 14:58:1.208 cza is sg
kmsg***12-28 14:58:1.209 cza is sg
kmsg***12-28 14:58:1.210 cza is sg
kmsg***12-28 14:58:1.211 cza is sg
kmsg***12-28 14:58:1.212 cza is sg
kmsg***12-28 14:58:1.213 cza is sg
kmsg***12-28 14:58:1.214 cza is sg
kmsg***12-28 14:58:1.215 cza is sg
kmsg***12-28 14:58:1.216 cza is sg
kmsg***12-28 14:58:1.217 cza is sg
kmsg***12-28 14:58:1.218 cza is sg
kmsg***12-28 14:58:1.219 cza is sg
kmsg***12-28 14:58:1.220 cza is sg
kmsg***12-28 14:58:1.221 cza is sg
kmsg***12-28 14:58:1.222 cza is sg
kmsg***12-28 14:58:1.223 cza is sg
kmsg***12-28 14:58:1.224 cza is sg
kmsg***12-28 14:58:1.225 cza is sg
kmsg***12-28 14:58:1.226 cza is sg
kmsg***12-28 14:58:1.227 cza is sg
kmsg***12-28 14:58:1.228 cza is sg
kmsg***12-28 14:58:1.229 cza is sg
kmsg***12-28 14:58:1.230 cza is sg
kmsg***12-28 14:58:1.231 cza is sg
kmsg***12-28 14:58:1.232 cza is sg
kmsg***12-28 14:58:1.233 cza is sg
kmsg***12-28 14:58:1.234 cza is sg
kmsg***12-28 14:58:1.235 cza is sg
kmsg***12-28 14:58:1.236 cza is sg
kmsg***12-28 14:58:1.237 cza is sg
kmsg***12-28 14:58:1.238 cza is sg
kmsg***12-28 14:58:1.239 cza is sg
kmsg***12-28 14:58:1.240 cza is sg
kmsg***12-28 14:58:1.241 cza is sg
kmsg***12-28 14:58:1.242 cza is sg
kmsg***12-28 14:58:1.243 cza is sg
kmsg***12-28 14:58:1.244 cza is sg
kmsg***12-28 14:58:1.245 cza is sg
kmsg***12-28 14:58:1.246 cza is sg
kmsg***12-28 14:58:1.247 cza is sg
kmsg***12-28 14:58:1.248 cza is sg
kmsg***12-28 14:58:1.249 cza is sg
kmsg***12-28 14:58:1.250 cza is sg
kmsg***12-28 14:58:1.251 cza is sg
kmsg***12-28 14:58:1.252 cza is sg
kmsg***12-28 14:58:1.253 cza is sg
kmsg***12-28 14:58:1.254 cza is sg
kmsg***12-28 14:58:1.255 cza is sg
kmsg***12-28 14:58:1.256 cza is sg
kmsg***12-28 14:58:1.257 cza is sg
kmsg***12-28 14:58:1.258 cza is sg
kmsg***12-28 14:58:1.259 cza is sg
kmsg***12-28 14:58:1.260 cza is sg
kmsg***12-28 14:58:1.261 cza is sg
kmsg***12-28 14:58:1.262 cza is sg
kmsg***12-28 14:58:1.263 cza is sg
kmsg***12-28 14:58:1.264 cza is sg
kmsg***12-28 14:58:1.265 cza is sg
kmsg***12-28 14:58:1.266 cza is sg
kmsg***12-28 14:58:1.267 cza is sg
kmsg***12-28 14:58:1.268 cza is sg
kmsg***12-28 14:58:1.269 cza is sg
kmsg***12-28 14:58:1.270 cza is sg
kmsg***12-28 14:58:1.271 cza is sg
kmsg***12-28 14:58:1.272 cza is sg
kmsg***12-28 14:58:1.273 cza is sg
kmsg***12-28 14:58:1.274 cza is sg
kmsg***12-28 14:58:1.275 cza is sg
kmsg***12-28 14:58:1.276 cza is sg
kmsg***12-28 14:58:1.277 cza is sg
kmsg***12-28 14:58:1.278 cza is sg
kmsg***12-28 14:58:1.279 cza is sg
kmsg***12-28 14:58:1.280 cza is sg
kmsg***12-28 14:58:1.281 cza is sg
kmsg***12-28 14:58:1.282 cza is sg
kmsg***12-28 14:58:1.283 cza is sg
kmsg***12-28 14:58:1.284 cza is sg
kmsg***12-28 14:58:1.285 cza is sg
kmsg***12-28 14:58:1.286 cza is sg
kmsg***12-28 14:58:1.287 cza is sg
kmsg***12-28 14:58:1.288 cza is sg
kmsg***12-28 14:58:1.289 cza is sg
kmsg***12-28 14:58:1.290 cza is sg
kmsg***12-28 14:58:1.291 cza is sg
kmsg***12-28 14:58:1.292 cza is sg
kmsg***12-28 14:58:1.293 cza is sg
kmsg***12-28 14:58:1.294 cza is sg
kmsg***12-28 14:58:1.295 cza is sg
kmsg***12-28 14:58:1.296 cza is sg
kmsg***12-28 14:58:1.297 cza is sg
kmsg***12-28 14:58:1.298 cza is sg
kmsg***12-28 14:58:1.299 cza is sg
kmsg***12-28 14:58:1.300 cza is sg
kmsg***12-28 14:58:1.301 cza is sg
kmsg***12-28 14:58:1.302 cza is sg
kmsg***12-28 14:58:1.303 cza is sg
kmsg***12-28 14:58:1.304 cza is sg
kmsg***12-28 14:58:1.305 cza is sg
kmsg***12-28 14:58:1.306 cza is sg
kmsg***12-28 14:58:1.307 cza is sg
kmsg***12-28 14:58:1.308 cza is sg
kmsg***12-28 14:58:1.309 cza is sg
kmsg***12-28 14:58:1.310 cza is sg
kmsg***12-28 14:58:1.311 cza is sg
kmsg***12-28 14:58:1.312 cza is sg
kmsg***12-28 14:58:1.313 cza is sg
kmsg***12-28 14:58:1.314 cza is sg
kmsg***12-28 14:58:1.315 cza is sg
kmsg***12-28 14:58:1.316 cza is sg
kmsg***12-28 14:58:1.317 cza is sg
kmsg***12-28 14:58:1.318 cza is sg
kmsg***12-28 14:58:1.319 cza is sg
kmsg***12-28 14:58:1.320 cza is sg
kmsg***12-28 14:58:1.321 cza is sg
kmsg***12-28 14:58:1.322 cza is sg
kmsg***12-28 14:58:1.323 cza is sg
kmsg***12-28 14:58:1.324 cza is sg
kmsg***12-28 14:58:1.325 cza is sg
kmsg***12-28 14:58:1.326 cza is sg
kmsg***12-28 14:58:1.327 cza is sg
kmsg***12-28 14:58:1.328 cza is sg
kmsg***12-28 14:58:1.329 cza is sg
kmsg***12-28 14:58:1.330 cza is sg
kmsg***12-28 14:58:1.331 cza is sg
kmsg***12-28 14:58:1.332 cza is sg
kmsg***12-28 14:58:1.333 cza is sg
kmsg***12-28 14:58:1.334 cza is sg
kmsg***12-28 14:58:1.335 cza is sg
kmsg***12-28 14:58:1.336 cza is sg
kmsg***12-28 14:58:1.337 cza is sg
kmsg***12-28 14:58:1.338 cza is sg
kmsg***12-28 14:58:1.339 cza is sg
